0.000000000000000000e+00 2.449293598294706414e-16
3.134796238244513984e-03 1.969523213894817590e-02
6.269592476489027968e-03 3.938282371361057771e-02
9.404388714733542820e-03 5.905513712378174240e-02
1.253918495297805594e-02 7.870454069626038607e-02
1.567398119122256905e-02 9.832341164548824564e-02
1.880877742946708564e-02 1.179041390307230541e-01
2.194357366771159876e-02 1.374391267086306767e-01
2.507836990595611187e-02 1.569207962801268952e-01
2.821316614420062499e-02 1.763415900303453854e-01
3.134796238244513811e-02 1.956939738605714962e-01
3.448275862068965469e-02 2.149704402110243773e-01
3.761755485893417128e-02 2.341635109733293529e-01
4.075235109717868093e-02 2.532657403915823946e-01
4.388714733542319751e-02 2.722697179508508647e-01
4.702194357366770716e-02 2.911680712520080538e-01
5.015673981191222375e-02 3.099534688717809350e-01
5.329153605015674033e-02 3.286186232068967761e-01
5.642633228840124998e-02 3.471562933012428687e-01
5.956112852664576657e-02 3.655592876549131898e-01
6.269592476489027622e-02 3.838204670140824559e-01
6.583072100313479280e-02 4.019327471406023977e-01
6.896551724137930939e-02 4.198891015602649324e-01
7.210031347962382597e-02 4.376825642886476020e-01
7.523510971786834256e-02 4.553062325334968907e-01
7.836990595611284527e-02 4.727532693725962076e-01
8.150470219435736186e-02 4.900169064060800883e-01
8.463949843260187844e-02 5.070904463821656050e-01
8.777429467084639503e-02 5.239672657952831880e-01
9.090909090909091161e-02 5.406408174555982216e-01
9.404388714733541432e-02 5.571046330289242121e-01
9.717868338557993091e-02 5.733523255460503121e-01
1.003134796238244475e-01 5.893775918805006508e-01
1.034482758620689641e-01 6.051742151937655745e-01
1.065830721003134807e-01 6.207360673470601053e-01
1.097178683385579834e-01 6.360571112786769232e-01
1.128526645768025000e-01 6.511314033459995043e-01
1.159874608150470165e-01 6.659530956312789129e-01
1.191222570532915331e-01 6.805164382102729670e-01
1.222570532915360497e-01 6.948157813828714779e-01
1.253918495297805524e-01 7.088455778648394823e-01
1.285266457680250829e-01 7.226003849398291434e-01
1.316614420062695856e-01 7.360748665708272132e-01
1.347962382445140883e-01 7.492637954702128233e-01
1.379310344827586188e-01 7.621620551276367950e-01
1.410658307210031215e-01 7.747646417949111131e-01
1.442006269592476519e-01 7.870666664271709356e-01
1.473354231974921547e-01 7.990633565795211002e-01
1.504702194357366851e-01 8.107500582584640236e-01
1.536050156739811878e-01 8.221222377273655901e-01
1.567398119122256905e-01 8.331754832652729093e-01
1.598746081504702210e-01 8.439055068783969382e-01
1.630094043887147237e-01 8.543081459635933905e-01
1.661442006269592542e-01 8.643793649232069942e-01
1.692789968652037569e-01 8.741152567306352816e-01
1.724137931034482596e-01 8.835120444460232703e-01
1.755485893416927901e-01 8.925660826814856286e-01
1.786833855799372928e-01 9.012738590153008822e-01
1.818181818181818232e-01 9.096319953545185522e-01
1.849529780564263259e-01 9.176372492454536456e-01
1.880877742946708286e-01 9.252865151315665670e-01
1.912225705329153591e-01 9.325768255582301824e-01
1.943573667711598618e-01 9.395053523239245141e-01
1.974921630094043923e-01 9.460694075774077616e-01
2.006269592476488950e-01 9.522664448604416521e-01
2.037617554858933977e-01 9.580940600956633357e-01
2.068965517241379282e-01 9.635499925192229087e-01
2.100313479623824309e-01 9.686321255578235201e-01
2.131661442006269613e-01 9.733384876498246685e-01
2.163009404388714640e-01 9.776672530100886105e-01
2.194357366771159668e-01 9.816167423382764490e-01
2.225705329153604972e-01 9.851854234703143476e-01
2.257053291536049999e-01 9.883719119727817359e-01
2.288401253918495304e-01 9.911749716799872489e-01
2.319749216300940331e-01 9.935935151735274529e-01
2.351097178683385358e-01 9.956266042041393982e-01
2.382445141065830663e-01 9.972734500556845738e-01
2.413793103448275690e-01 9.985334138511239299e-01
2.445141065830720994e-01 9.994060068003627340e-01
2.476489028213166022e-01 9.998908903898728884e-01
2.507836990595611049e-01 9.999878765140147729e-01
2.539184952978056353e-01 9.996969275480114270e-01
2.570532915360501658e-01 9.990181563625446515e-01
2.601880877742946407e-01 9.979518262799678130e-01
2.633228840125391712e-01 9.964983509721526689e-01
2.664576802507837017e-01 9.946582943000098487e-01
2.695924764890281766e-01 9.924323700947444982e-01
2.727272727272727071e-01 9.898214418809326842e-01
2.758620689655172376e-01 9.868265225415261410e-01
2.789968652037617680e-01 9.834487739249143656e-01
2.821316614420062430e-01 9.796895063941976067e-01
2.852664576802507734e-01 9.755501783188446074e-01
2.884012539184953039e-01 9.710323955089340542e-01
2.915360501567397788e-01 9.661379105921948929e-01
2.946708463949843093e-01 9.608686223340942023e-01
2.978056426332288398e-01 9.552265749012301965e-01
3.009404388714733702e-01 9.492139570683176819e-01
3.040752351097178452e-01 9.428331013690764983e-01
3.072100313479623757e-01 9.360864831913469075e-01
3.103448275862069061e-01 9.289767198167914186e-01
3.134796238244513811e-01 9.215065694055437628e-01
3.166144200626959115e-01 9.136789299262106923e-01
3.197492163009404420e-01 9.054968380316339438e-01
3.228840125391849170e-01 8.969634678808519057e-01
3.260188087774294474e-01 8.880821299077181763e-01
3.291536050156739779e-01 8.788562695366491928e-01
3.322884012539185083e-01 8.692894658460120771e-01
3.354231974921629833e-01 8.593854301796516326e-01
3.385579937304075138e-01 8.491480047071188197e-01
3.416927899686520442e-01 8.385811609331351724e-01
3.448275862068965192e-01 8.276889981568904542e-01
3.479623824451410496e-01 8.164757418817609746e-01
3.510971786833855801e-01 8.049457421760682907e-01
3.542319749216300551e-01 7.931034719855165616e-01
3.573667711598745855e-01 7.809535253979547065e-01
3.605015673981191160e-01 7.685006158611513705e-01
3.636363636363636465e-01 7.557495743542581579e-01
3.667711598746081214e-01 7.427053475136826677e-01
3.699059561128526519e-01 7.293729957140894227e-01
3.730407523510971823e-01 7.157576911052790924e-01
3.761755485893416573e-01 7.018647156057095104e-01
3.793103448275861878e-01 6.876994588534234287e-01
3.824451410658307182e-01 6.732674161151976922e-01
3.855799373040751932e-01 6.585741861547105280e-01
3.887147335423197236e-01 6.436254690605544004e-01
3.918495297805642541e-01 6.284270640349517434e-01
3.949843260188087846e-01 6.129848671440043528e-01
3.981191222570532595e-01 5.973048690303850439e-01
4.012539184952977900e-01 5.813931525893196728e-01
4.043887147335423204e-01 5.652558906087969959e-01
4.075235109717867954e-01 5.488993433748944328e-01
4.106583072100313259e-01 5.323298562431642011e-01
4.137931034482758563e-01 5.155538571770218459e-01
4.169278996865203868e-01 4.985778542540756364e-01
4.200626959247648617e-01 4.814084331413938656e-01
4.231974921630093922e-01 4.640522545406517430e-01
4.263322884012539227e-01 4.465160516041901673e-01
4.294670846394983976e-01 4.288066273229521608e-01
4.326018808777429281e-01 4.109308518873315830e-01
4.357366771159874586e-01 3.928956600219590256e-01
4.388714733542319335e-01 3.747080482954377456e-01
4.420062695924764640e-01 3.563750724061020558e-01
4.451410658307209944e-01 3.379038444448302925e-01
4.482758620689655249e-01 3.193015301359799496e-01
4.514106583072099999e-01 3.005753460575198432e-01
4.545454545454545303e-01 2.817325568414293935e-01
4.576802507836990608e-01 2.627804723554654776e-01
4.608150470219435357e-01 2.437264448673649442e-01
4.639498432601880662e-01 2.245778661926135789e-01
4.670846394984325967e-01 2.053421648268659028e-01
4.702194357366770716e-01 1.860268030641333281e-01
4.733542319749216021e-01 1.666392741018679347e-01
4.764890282131661325e-01 1.471870991340454016e-01
4.796238244514106630e-01 1.276778244334056123e-01
4.827586206896551380e-01 1.081190184239416846e-01
4.858934169278996684e-01 8.851826874481599772e-02
4.890282131661441989e-01 6.888317930680772083e-02
4.921630094043886738e-01 4.922136734245494138e-02
4.952978056426332043e-01 2.954046045102890275e-02
4.984326018808777348e-01 9.848093639479351888e-03
5.015673981191222097e-01 -9.848093639479596484e-03
5.047021943573667402e-01 -2.954046045102870152e-02
5.078369905956112706e-01 -4.922136734245518425e-02
5.109717868338558011e-01 -6.888317930680795675e-02
5.141065830721003316e-01 -8.851826874481624752e-02
5.172413793103448620e-01 -1.081190184239419205e-01
5.203761755485892815e-01 -1.276778244334049739e-01
5.235109717868338119e-01 -1.471870991340456514e-01
5.266457680250783424e-01 -1.666392741018672963e-01
5.297805642633228729e-01 -1.860268030641335779e-01
5.329153605015674033e-01 -2.053421648268661248e-01
5.360501567398119338e-01 -2.245778661926138287e-01
5.391849529780563532e-01 -2.437264448673643058e-01
5.423197492163008837e-01 -2.627804723554648669e-01
5.454545454545454142e-01 -2.817325568414296710e-01
5.485893416927899446e-01 -3.005753460575192326e-01
5.517241379310344751e-01 -3.193015301359802272e-01
5.548589341692790056e-01 -3.379038444448305700e-01
5.579937304075235360e-01 -3.563750724061022779e-01
5.611285266457679555e-01 -3.747080482954371905e-01
5.642633228840124859e-01 -3.928956600219588591e-01
5.673981191222570164e-01 -4.109308518873318050e-01
5.705329153605015469e-01 -4.288066273229515502e-01
5.736677115987460773e-01 -4.465160516041903893e-01
5.768025078369906078e-01 -4.640522545406519650e-01
5.799373040752351383e-01 -4.814084331413940876e-01
5.830721003134795577e-01 -4.985778542540758584e-01
5.862068965517240882e-01 -5.155538571770216238e-01
5.893416927899686186e-01 -5.323298562431644232e-01
5.924764890282131491e-01 -5.488993433748943218e-01
5.956112852664576796e-01 -5.652558906087972179e-01
5.987460815047022100e-01 -5.813931525893198948e-01
6.018808777429467405e-01 -5.973048690303852659e-01
6.050156739811911599e-01 -6.129848671440045749e-01
6.081504702194356904e-01 -6.284270640349512993e-01
6.112852664576802209e-01 -6.436254690605546225e-01
6.144200626959247513e-01 -6.585741861547104170e-01
6.175548589341692818e-01 -6.732674161151979142e-01
6.206896551724138122e-01 -6.876994588534235398e-01
6.238244514106582317e-01 -7.018647156057090664e-01
6.269592476489027622e-01 -7.157576911052793145e-01
6.300940438871472926e-01 -7.293729957140890896e-01
6.332288401253918231e-01 -7.427053475136827787e-01
6.363636363636363535e-01 -7.557495743542582689e-01
6.394984326018808840e-01 -7.685006158611512594e-01
6.426332288401254145e-01 -7.809535253979549285e-01
6.457680250783698339e-01 -7.931034719855164505e-01
6.489028213166143644e-01 -8.049457421760686238e-01
6.520376175548588948e-01 -8.164757418817608636e-01
6.551724137931034253e-01 -8.276889981568905652e-01
6.583072100313479558e-01 -8.385811609331352834e-01
6.614420062695924862e-01 -8.491480047071191528e-01
6.645768025078370167e-01 -8.593854301796519657e-01
6.677115987460814361e-01 -8.692894658460117441e-01
6.708463949843259666e-01 -8.788562695366493038e-01
6.739811912225704971e-01 -8.880821299077181763e-01
6.771159874608150275e-01 -8.969634678808521278e-01
6.802507836990595580e-01 -9.054968380316339438e-01
6.833855799373040885e-01 -9.136789299262106923e-01
6.865203761755485079e-01 -9.215065694055435408e-01
6.896551724137930384e-01 -9.289767198167913076e-01
6.927899686520375688e-01 -9.360864831913469075e-01
6.959247648902820993e-01 -9.428331013690761653e-01
6.990595611285266298e-01 -9.492139570683177929e-01
7.021943573667711602e-01 -9.552265749012303075e-01
7.053291536050156907e-01 -9.608686223340944244e-01
7.084639498432601101e-01 -9.661379105921946708e-01
7.115987460815046406e-01 -9.710323955089339432e-01
7.147335423197491711e-01 -9.755501783188447185e-01
7.178683385579937015e-01 -9.796895063941976067e-01
7.210031347962382320e-01 -9.834487739249143656e-01
7.241379310344827624e-01 -9.868265225415261410e-01
7.272727272727272929e-01 -9.898214418809327952e-01
7.304075235109717124e-01 -9.924323700947444982e-01
7.335423197492162428e-01 -9.946582943000098487e-01
7.366771159874607733e-01 -9.964983509721526689e-01
7.398119122257053037e-01 -9.979518262799678130e-01
7.429467084639498342e-01 -9.990181563625446515e-01
7.460815047021943647e-01 -9.996969275480114270e-01
7.492163009404388951e-01 -9.999878765140147729e-01
7.523510971786833146e-01 -9.998908903898728884e-01
7.554858934169278450e-01 -9.994060068003627340e-01
7.586206896551723755e-01 -9.985334138511238189e-01
7.617554858934169060e-01 -9.972734500556845738e-01
7.648902821316614364e-01 -9.956266042041393982e-01
7.680250783699059669e-01 -9.935935151735274529e-01
7.711598746081503863e-01 -9.911749716799872489e-01
7.742946708463949168e-01 -9.883719119727817359e-01
7.774294670846394473e-01 -9.851854234703144586e-01
7.805642633228839777e-01 -9.816167423382764490e-01
7.836990595611285082e-01 -9.776672530100884995e-01
7.868338557993730387e-01 -9.733384876498244465e-01
7.899686520376175691e-01 -9.686321255578235201e-01
7.931034482758619886e-01 -9.635499925192231307e-01
7.962382445141065190e-01 -9.580940600956635578e-01
7.993730407523510495e-01 -9.522664448604417631e-01
8.025078369905955800e-01 -9.460694075774077616e-01
8.056426332288401104e-01 -9.395053523239244031e-01
8.087774294670846409e-01 -9.325768255582300714e-01
8.119122257053291714e-01 -9.252865151315663450e-01
8.150470219435735908e-01 -9.176372492454536456e-01
8.181818181818181213e-01 -9.096319953545185522e-01
8.213166144200626517e-01 -9.012738590153011042e-01
8.244514106583071822e-01 -8.925660826814855175e-01
8.275862068965517127e-01 -8.835120444460229372e-01
8.307210031347962431e-01 -8.741152567306352816e-01
8.338557993730407736e-01 -8.643793649232068832e-01
8.369905956112851930e-01 -8.543081459635936126e-01
8.401253918495297235e-01 -8.439055068783966052e-01
8.432601880877742540e-01 -8.331754832652729093e-01
8.463949843260187844e-01 -8.221222377273654791e-01
8.495297805642633149e-01 -8.107500582584639126e-01
8.526645768025078453e-01 -7.990633565795208781e-01
8.557993730407522648e-01 -7.870666664271709356e-01
8.589341692789967952e-01 -7.747646417949116682e-01
8.620689655172413257e-01 -7.621620551276366839e-01
8.652037617554858562e-01 -7.492637954702131564e-01
8.683385579937303866e-01 -7.360748665708268801e-01
8.714733542319749171e-01 -7.226003849398291434e-01
8.746081504702194476e-01 -7.088455778648393713e-01
8.777429467084638670e-01 -6.948157813828718110e-01
8.808777429467083975e-01 -6.805164382102731890e-01
8.840125391849529279e-01 -6.659530956312789129e-01
8.871473354231974584e-01 -6.511314033459995043e-01
8.902821316614419889e-01 -6.360571112786767012e-01
8.934169278996865193e-01 -6.207360673470597723e-01
8.965517241379310498e-01 -6.051742151937651304e-01
8.996865203761754692e-01 -5.893775918805013170e-01
9.028213166144199997e-01 -5.733523255460507562e-01
9.059561128526645302e-01 -5.571046330289238790e-01
9.090909090909090606e-01 -5.406408174555977775e-01
9.122257053291535911e-01 -5.239672657952831880e-01
9.153605015673981216e-01 -5.070904463821654939e-01
9.184952978056426520e-01 -4.900169064060798663e-01
9.216300940438870715e-01 -4.727532693725964297e-01
9.247648902821316019e-01 -4.553062325334969462e-01
9.278996865203761324e-01 -4.376825642886474910e-01
9.310344827586206629e-01 -4.198891015602647103e-01
9.341692789968651933e-01 -4.019327471406020091e-01
9.373040752351097238e-01 -3.838204670140818453e-01
9.404388714733541432e-01 -3.655592876549139669e-01
9.435736677115986737e-01 -3.471562933012434793e-01
9.467084639498432042e-01 -3.286186232068972202e-01
9.498432601880877346e-01 -3.099534688717803799e-01
9.529780564263322651e-01 -2.911680712520081649e-01
9.561128526645767955e-01 -2.722697179508508092e-01
9.592476489028213260e-01 -2.532657403915821170e-01
9.623824451410657455e-01 -2.341635109733296027e-01
9.655172413793102759e-01 -2.149704402110244605e-01
9.686520376175548064e-01 -1.956939738605723011e-01
9.717868338557993368e-01 -1.763415900303451356e-01
9.749216300940438673e-01 -1.569207962801264788e-01
9.780564263322883978e-01 -1.374391267086300661e-01
9.811912225705329282e-01 -1.179041390307231513e-01
9.843260188087773477e-01 -9.832341164548887014e-02
9.874608150470218781e-01 -7.870454069626083016e-02
9.905956112852664086e-01 -5.905513712378113872e-02
9.937304075235109391e-01 -3.938282371361068179e-02
9.968652037617554695e-01 -1.969523213894810304e-02
1.000000000000000000e+00 0.000000000000000000e+00
