0.000000000000000000e+00 -3.219807469057901772e-05
3.134796238244513984e-03 1.954078807451165023e-02
6.269592476489027968e-03 3.910619357442679522e-02
9.404388714733542820e-03 5.865642822568882531e-02
1.253918495297805594e-02 7.818390771430763775e-02
1.567398119122256905e-02 9.768105655392619879e-02
1.880877742946708564e-02 1.171403110246531931e-01
2.194357366771159876e-02 1.365541221073309219e-01
2.507836990595611187e-02 1.559149584121002630e-01
2.821316614420062499e-02 1.752153091001264762e-01
3.134796238244513811e-02 1.944476867973525258e-01
3.448275862068965469e-02 2.136046304991492950e-01
3.761755485893417128e-02 2.326787084647363446e-01
4.075235109717868093e-02 2.516625211002498363e-01
4.388714733542319751e-02 2.705487038293393209e-01
4.702194357366770716e-02 2.893299299501800315e-01
5.015673981191222375e-02 3.079989134777922910e-01
5.329153605015674033e-02 3.265484119705648336e-01
5.642633228840124998e-02 3.449712293398859986e-01
5.956112852664576657e-02 3.632602186417930312e-01
6.269592476489027622e-02 3.814082848495558564e-01
6.583072100313479280e-02 3.994083876061206295e-01
6.896551724137930939e-02 4.172535439553440861e-01
7.210031347962382597e-02 4.349368310509600932e-01
7.523510971786834256e-02 4.524513888422276309e-01
7.836990595611284527e-02 4.697904227352168172e-01
8.150470219435736186e-02 4.869472062287026337e-01
8.463949843260187844e-02 5.039150835236424486e-01
8.777429467084639503e-02 5.206874721052252575e-01
9.090909090909091161e-02 5.372578652964912216e-01
9.404388714733541432e-02 5.536198347825304067e-01
9.717868338557993091e-02 5.697670331042818948e-01
1.003134796238244475e-01 5.856931961209657089e-01
1.034482758620689641e-01 6.013921454401929267e-01
1.065830721003134807e-01 6.168577908148090705e-01
1.097178683385579834e-01 6.320841325055438498e-01
1.128526645768025000e-01 6.470652636085486575e-01
1.159874608150470165e-01 6.617953723469193195e-01
1.191222570532915331e-01 6.762687443253165842e-01
1.222570532915360497e-01 6.904797647468061683e-01
1.253918495297805524e-01 7.044229205910627067e-01
1.285266457680250829e-01 7.180928027530898428e-01
1.316614420062695856e-01 7.314841081416267876e-01
1.347962382445140883e-01 7.445916417364285556e-01
1.379310344827586188e-01 7.574103186036215130e-01
1.410658307210031215e-01 7.699351658683507571e-01
1.442006269592476519e-01 7.821613246439572675e-01
1.473354231974921547e-01 7.940840519169324319e-01
1.504702194357366851e-01 8.056987223869219727e-01
1.536050156739811878e-01 8.170008302610641815e-01
1.567398119122256905e-01 8.279859910019660152e-01
1.598746081504702210e-01 8.386499430286401546e-01
1.630094043887147237e-01 8.489885493697416630e-01
1.661442006269592542e-01 8.589977992684630914e-01
1.692789968652037569e-01 8.686738097384670843e-01
1.724137931034482596e-01 8.780128270702517446e-01
1.755485893416927901e-01 8.870112282873633403e-01
1.786833855799372928e-01 8.956655225518938002e-01
1.818181818181818232e-01 9.039723525187144393e-01
1.849529780564263259e-01 9.119284956379251073e-01
1.880877742946708286e-01 9.195308654050082797e-01
1.912225705329153591e-01 9.267765125582078101e-01
1.943573667711598618e-01 9.336626262226640494e-01
1.974921630094043923e-01 9.401865350008655753e-01
2.006269592476488950e-01 9.463457080089893170e-01
2.037617554858933977e-01 9.521377558587312828e-01
2.068965517241379282e-01 9.575604315842456415e-01
2.100313479623824309e-01 9.626116315138323332e-01
2.131661442006269613e-01 9.672893960860344809e-01
2.163009404388714640e-01 9.715919106098309665e-01
2.194357366771159668e-01 9.755175059686265193e-01
2.225705329153604972e-01 9.790646592677687554e-01
2.257053291536049999e-01 9.822319944253400381e-01
2.288401253918495304e-01 9.850182827059937862e-01
2.319749216300940331e-01 9.874224431976306171e-01
2.351097178683385358e-01 9.894435432307259193e-01
2.382445141065830663e-01 9.910807987401506480e-01
2.413793103448275690e-01 9.923335745693410148e-01
2.445141065830720994e-01 9.932013847167007192e-01
2.476489028213166022e-01 9.936838925241404663e-01
2.507836990595611049e-01 9.937809108076811615e-01
2.539184952978056353e-01 9.934924019300699349e-01
2.570532915360501658e-01 9.928184778153810175e-01
2.601880877742946407e-01 9.917593999055964726e-01
2.633228840125391712e-01 9.903155790591816610e-01
2.664576802507837017e-01 9.884875753916972929e-01
2.695924764890281766e-01 9.862760980585081327e-01
2.727272727272727071e-01 9.836820049796741738e-01
2.758620689655172376e-01 9.807063025071278695e-01
2.789968652037617680e-01 9.773501450342715335e-01
2.821316614420062430e-01 9.736148345481416833e-01
2.852664576802507734e-01 9.695018201243164047e-01
2.884012539184953039e-01 9.650126973647610296e-01
2.915360501567397788e-01 9.601492077788311708e-01
2.946708463949843093e-01 9.549132381076717024e-01
2.978056426332288398e-01 9.493068195922748087e-01
3.009404388714733702e-01 9.433321271854806511e-01
3.040752351097178452e-01 9.369914787082265217e-01
3.072100313479623757e-01 9.302873339503722194e-01
3.103448275862069061e-01 9.232222937164499266e-01
3.134796238244513811e-01 9.157990988167074020e-01
3.166144200626959115e-01 9.080206290038400629e-01
3.197492163009404420e-01 8.998899018558196294e-01
3.228840125391849170e-01 8.914100716052554274e-01
3.260188087774294474e-01 8.825844279157422090e-01
3.291536050156739779e-01 8.734163946056689998e-01
3.322884012539185083e-01 8.639095283199832442e-01
3.354231974921629833e-01 8.540675171504271690e-01
3.385579937304075138e-01 8.438941792047796042e-01
3.416927899686520442e-01 8.333934611256609282e-01
3.448275862068965192e-01 8.225694365594723445e-01
3.479623824451410496e-01 8.114263045760671256e-01
3.510971786833855801e-01 7.999683880397637781e-01
3.542319749216300551e-01 7.882001319323354016e-01
3.573667711598745855e-01 7.761261016286241654e-01
3.605015673981191160e-01 7.637509811254508119e-01
3.636363636363636465e-01 7.510795712245056377e-01
3.667711598746081214e-01 7.381167876699270547e-01
3.699059561128526519e-01 7.248676592412879316e-01
3.730407523510971823e-01 7.113373258027326784e-01
3.761755485893416573e-01 6.975310363090190258e-01
3.793103448275861878e-01 6.834541467692399896e-01
3.824451410658307182e-01 6.691121181690140585e-01
3.855799373040751932e-01 6.545105143519526214e-01
3.887147335423197236e-01 6.396549998612224286e-01
3.918495297805642541e-01 6.245513377420449652e-01
3.949843260188087846e-01 6.092053873059813940e-01
3.981191222570532595e-01 5.936231018578719265e-01
4.012539184952977900e-01 5.778105263863131391e-01
4.043887147335423204e-01 5.617737952185652972e-01
4.075235109717867954e-01 5.455191296408034018e-01
4.106583072100313259e-01 5.290528354846324444e-01
4.137931034482758563e-01 5.123813006808040083e-01
4.169278996865203868e-01 4.955109927810842918e-01
4.200626959247648617e-01 4.784484564492333947e-01
4.231974921630093922e-01 4.612003109220695340e-01
4.263322884012539227e-01 4.437732474416039019e-01
4.294670846394983976e-01 4.261740266592413118e-01
4.326018808777429281e-01 4.084094760130548840e-01
4.357366771159874586e-01 3.904864870791507347e-01
4.388714733542319335e-01 3.724120128981517897e-01
4.420062695924764640e-01 3.541930652778363386e-01
4.451410658307209944e-01 3.358367120729788824e-01
4.482758620689655249e-01 3.173500744434478715e-01
4.514106583072099999e-01 2.987403240916246538e-01
4.545454545454545303e-01 2.800146804802147171e-01
4.576802507836990608e-01 2.611804080315305310e-01
4.608150470219435357e-01 2.422448133093332012e-01
4.639498432601880662e-01 2.232152421843259238e-01
4.670846394984325967e-01 2.040990769843980257e-01
4.702194357366770716e-01 1.849037336307264023e-01
4.733542319749216021e-01 1.656366587608445462e-01
4.764890282131661325e-01 1.463053268397955242e-01
4.796238244514106630e-01 1.269172372604894794e-01
4.827586206896551380e-01 1.074799114343908957e-01
4.858934169278996684e-01 8.800088987366354309e-02
4.890282131661441989e-01 6.848772926590590560e-02
4.921630094043886738e-01 4.894799954261135067e-02
4.952978056426332043e-01 2.938928094249040890e-02
4.984326018808777348e-01 9.819161070794587068e-03
5.015673981191222097e-01 -9.754768044217692474e-03
5.047021943573667402e-01 -2.932491289653093094e-02
5.078369905956112706e-01 -4.888368144819572880e-02
5.109717868338558011e-01 -6.842348607458241527e-02
5.141065830721003316e-01 -8.793674650792256131e-02
5.172413793103448620e-01 -1.074158927779965134e-01
5.203761755485892815e-01 -1.268533681488260290e-01
5.235109717868338119e-01 -1.462416320502329670e-01
5.266457680250783424e-01 -1.655731630031264112e-01
5.297805642633228729e-01 -1.848404615373837601e-01
5.329153605015674033e-01 -2.040360531011936318e-01
5.360501567398119338e-01 -2.231524909607320306e-01
5.391849529780563532e-01 -2.421823590890465339e-01
5.423197492163008837e-01 -2.611182750430283694e-01
5.454545454545454142e-01 -2.799528928273558592e-01
5.485893416927899446e-01 -2.986789057442983952e-01
5.517241379310344751e-01 -3.172890492282751107e-01
5.548589341692790056e-01 -3.357761036640690144e-01
5.579937304075235360e-01 -3.541328971876029907e-01
5.611285266457679555e-01 -3.723523084681913398e-01
5.642633228840124859e-01 -3.904272694711874436e-01
5.673981191222570164e-01 -4.083507681999553607e-01
5.705329153605015469e-01 -4.261158514161024757e-01
5.736677115987460773e-01 -4.437156273369174952e-01
5.768025078369906078e-01 -4.611432683089671247e-01
5.799373040752351383e-01 -4.783920134568144800e-01
5.830721003134795577e-01 -4.954551713058316653e-01
5.862068965517240882e-01 -5.123261223780891660e-01
5.893416927899686186e-01 -5.289983217603149157e-01
5.924764890282131491e-01 -5.454653016429260592e-01
5.956112852664576796e-01 -5.617206738291504742e-01
5.987460815047022100e-01 -5.777581322132616659e-01
6.018808777429467405e-01 -5.935714552269685251e-01
6.050156739811911599e-01 -6.091545082530093191e-01
6.081504702194356904e-01 -6.245012460050136660e-01
6.112852664576802209e-01 -6.396057148727097852e-01
6.144200626959247513e-01 -6.544620552315668638e-01
6.175548589341692818e-01 -6.690645037159765884e-01
6.206896551724138122e-01 -6.834073954550916596e-01
6.238244514106582317e-01 -6.974851662704554256e-01
6.269592476489027622e-01 -7.112923548345667646e-01
6.300940438871472926e-01 -7.248236047895479928e-01
6.332288401253918231e-01 -7.380736668250879040e-01
6.363636363636363535e-01 -7.510374007148591380e-01
6.394984326018808840e-01 -7.637097773106155119e-01
6.426332288401254145e-01 -7.760858804931994870e-01
6.457680250783698339e-01 -7.881609090797001560e-01
6.489028213166143644e-01 -7.999301786860235630e-01
6.520376175548588948e-01 -8.113891235441504923e-01
6.551724137931034253e-01 -8.225332982733811749e-01
6.583072100313479558e-01 -8.333583796048744663e-01
6.614420062695924862e-01 -8.438601680588156961e-01
6.645768025078370167e-01 -8.540345895735625970e-01
6.677115987460814361e-01 -8.638776970861355986e-01
6.708463949843259666e-01 -8.733856720634404214e-01
6.739811912225704971e-01 -8.825548259836295539e-01
6.771159874608150275e-01 -8.913816017670259662e-01
6.802507836990595580e-01 -8.998625751560567210e-01
6.833855799373040885e-01 -9.079944560436578049e-01
6.865203761755485079e-01 -9.157740897496385868e-01
6.896551724137930384e-01 -9.231984582445069698e-01
6.927899686520375688e-01 -9.302646813202832821e-01
6.959247648902820993e-01 -9.369700177078479353e-01
6.990595611285266298e-01 -9.433118661403887550e-01
7.021943573667711602e-01 -9.492877663625353124e-01
7.053291536050156907e-01 -9.548954000847904577e-01
7.084639498432601101e-01 -9.601325918828869099e-01
7.115987460815046406e-01 -9.649973100417212901e-01
7.147335423197491711e-01 -9.694876673435358638e-01
7.178683385579937015e-01 -9.736019218000472319e-01
7.210031347962382320e-01 -9.773384773282319804e-01
7.241379310344827624e-01 -9.806958843695107175e-01
7.272727272727272929e-01 -9.836728404520895808e-01
7.304075235109717124e-01 -9.862681906962411649e-01
7.335423197492162428e-01 -9.884809282623281401e-01
7.366771159874607733e-01 -9.903101947413966988e-01
7.398119122257053037e-01 -9.917552804881866191e-01
7.429467084639498342e-01 -9.928156248964322694e-01
7.460815047021943647e-01 -9.934908166163429755e-01
7.492163009404388951e-01 -9.937805937141822588e-01
7.523510971786833146e-01 -9.936848437738828865e-01
7.554858934169278450e-01 -9.932036039406569872e-01
7.586206896551723755e-01 -9.923370609065856884e-01
7.617554858934169060e-01 -9.910855508381947176e-01
7.648902821316614364e-01 -9.894495592460414990e-01
7.680250783699059669e-01 -9.874297207963660394e-01
7.711598746081503863e-01 -9.850268190648788780e-01
7.742946708463949168e-01 -9.822417862327813554e-01
7.774294670846394473e-01 -9.790757027251345557e-01
7.805642633228839777e-01 -9.755297967917202495e-01
7.836990595611285082e-01 -9.716054440305534889e-01
7.868338557993730387e-01 -9.673041668542331495e-01
7.899686520376175691e-01 -9.626276338993383641e-01
7.931034482758619886e-01 -9.575776593790971125e-01
7.962382445141065190e-01 -9.521562023795807628e-01
7.993730407523510495e-01 -9.463653660996975692e-01
8.025078369905955800e-01 -9.402073970352768928e-01
8.056426332288401104e-01 -9.336846841075649994e-01
8.087774294670846409e-01 -9.267997577364670558e-01
8.119122257053291714e-01 -9.195552888588964802e-01
8.150470219435735908e-01 -9.119540878926124527e-01
8.181818181818181213e-01 -9.039991036459470441e-01
8.213166144200626517e-01 -8.956934221738446222e-01
8.244514106583071822e-01 -8.870402655806589598e-01
8.275862068965517127e-01 -8.780429907701703396e-01
8.307210031347962431e-01 -8.687050881433091565e-01
8.338557993730407736e-01 -8.590301802440909462e-01
8.369905956112851930e-01 -8.490220203542865329e-01
8.401253918495297235e-01 -8.386844910373749684e-01
8.432601880877742540e-01 -8.280216026323432565e-01
8.463949843260187844e-01 -8.170374916979152857e-01
8.495297805642633149e-01 -8.057364194078168174e-01
8.526645768025078453e-01 -7.941227698976964788e-01
8.557993730407522648e-01 -7.822010485643450250e-01
8.589341692789967952e-01 -7.699758803178728961e-01
8.620689655172413257e-01 -7.574520077875226409e-01
8.652037617554858562e-01 -7.446342894818156477e-01
8.683385579937303866e-01 -7.315276979037421690e-01
8.714733542319749171e-01 -7.181373176217302756e-01
8.746081504702194476e-01 -7.044683432971393655e-01
8.777429467084638670e-01 -6.905260776690437252e-01
8.808777429467083975e-01 -6.763159294970897406e-01
8.840125391849529279e-01 -6.618434114632223420e-01
8.871473354231974584e-01 -6.471141380330963644e-01
8.902821316614419889e-01 -6.321338232780022715e-01
8.934169278996865193e-01 -6.169082786581502331e-01
8.965517241379310498e-01 -6.014434107681732034e-01
8.996865203761754692e-01 -5.857452190457244079e-01
9.028213166144199997e-01 -5.698197934440560886e-01
9.059561128526645302e-01 -5.536733120694851129e-01
9.090909090909090606e-01 -5.373120387846587187e-01
9.122257053291535911e-01 -5.207423207785536468e-01
9.153605015673981216e-01 -5.039705861041486878e-01
9.184952978056426520e-01 -4.870033411847271010e-01
9.216300940438870715e-01 -4.698471682897763513e-01
9.247648902821316019e-01 -4.525087229814636069e-01
9.278996865203761324e-01 -4.349947315326783692e-01
9.310344827586206629e-01 -4.173119883176436007e-01
9.341692789968651933e-01 -3.994673531761076535e-01
9.373040752351097238e-01 -3.814677487521393462e-01
9.404388714733541432e-01 -3.633201578085588634e-01
9.435736677115986737e-01 -3.450316205180463114e-01
9.467084639498432042e-01 -3.266092317319784222e-01
9.498432601880877346e-01 -3.080601382280535039e-01
9.529780564263322651e-01 -2.893915359377717822e-01
9.561128526645767955e-01 -2.706106671548475506e-01
9.592476489028213260e-01 -2.517248177256349306e-01
9.623824451410657455e-01 -2.327413142226582854e-01
9.655172413793102759e-01 -2.136675211023432719e-01
9.686520376175548064e-01 -1.945108378480509825e-01
9.717868338557993368e-01 -1.752786960995238730e-01
9.749216300940438673e-01 -1.559785567698571129e-01
9.780564263322883978e-01 -1.366179071511135212e-01
9.811912225705329282e-01 -1.172042580097048120e-01
9.843260188087773477e-01 -9.774514067266668049e-02
9.874608150470218781e-01 -7.824810410595715859e-02
9.905956112852664086e-01 -5.872071198591247848e-02
9.937304075235109391e-01 -3.917053976499591805e-02
9.968652037617554695e-01 -1.960517173297837007e-02
1.000000000000000000e+00 -1.177707878110708165e-02
